Webots Project File version R2023a
perspectives: 000000ff00000000fd00000003000000000000000000000000fc0100000002fc00000000ffffffff0000000000fffffffc0200000001fb00000012005300630065006e0065005400720065006501000000000000039f0000000000000000fb0000001a0044006f00630075006d0065006e0074006100740069006f006e0000000000ffffffff00000000000000000000000100000270000002fcfc0200000001fb0000001400540065007800740045006400690074006f00720100000016000002fc0000008700ffffff0000000300000780000000dafc0100000002fb0000001a0043006f006e0073006f006c00650041006c006c0041006c006c0100000000000007800000006900fffffffb0000000e0043006f006e0073006f006c006501000000000000073f00000000000000000000050e000002fc00000004000000040000000100000008fc00000000
simulationViewPerspectives: 000000ff0000000100000002000000fa000004120100000002010000000101
sceneTreePerspectives: 000000ff00000001000000030000001e000000c0000000fa0100000002010000000201
minimizedPerspectives: 000000ff00000000fd00000003000000000000000000000000fc0100000002fc00000000ffffffff0000000000fffffffc0200000001fb00000012005300630065006e0065005400720065006501000000000000039f0000000000000000fb0000001a0044006f00630075006d0065006e0074006100740069006f006e0000000000ffffffff00000000000000000000000100000270000002fcfc0200000001fb0000001400540065007800740045006400690074006f00720100000016000002fc0000008700ffffff0000000300000780000000dafc0100000002fb0000000e0043006f006e0073006f006c006501000000000000073f0000000000000000fb0000001a0043006f006e0073006f006c00650041006c006c0041006c006c0100000000000007800000006900ffffff0000050e000002fc00000004000000040000000100000008fc00000000
maximizedDockId: -1
centralWidgetVisible: 1
orthographicViewHeight: 1
textFiles: 0 "controllers/emitter_light/emitter_light.py" "controllers/traffic_control_car/traffic_control_car.py"
consoles: Console:All:All
renderingDevicePerspectives: vehicle:camera;1;0.691667;0;0.161157
renderingDevicePerspectives: vehicle:display;1;0.213333;0;0
