Webots Project File version R2020b
perspectives: 000000ff00000000fd00000003000000000000000000000000fc0100000001fb0000001a0044006f00630075006d0065006e0074006100740069006f006e0000000000ffffffff0000006900ffffff000000010000017200000210fc0200000001fb0000001400540065007800740045006400690074006f00720100000015000002100000008700ffffff000000030000055600000086fc0100000002fb0000000e0043006f006e0073006f006c00650100000000000005560000000000000000fb0000001a0043006f006e0073006f006c00650041006c006c0041006c006c0100000000000005560000006900ffffff000003e20000021000000001000000020000000100000008fc00000000
simulationViewPerspectives: 000000ff000000010000000200000100000003380100000002010000000100
sceneTreePerspectives: 000000ff00000001000000020000014a000000fa0100000002010000000200
maximizedDockId: -1
centralWidgetVisible: 1
orthographicViewHeight: 1
textFiles: 0 "controllers/main/main.py"
consoles: Console:All:All
renderingDevicePerspectives: vehicle:camera;1;0.314583;0.274457;0
renderingDevicePerspectives: vehicle:display;1;1;0;0
